321
357
319
-250
497
431
48
-462
-337
-60
151
-451
39
185
-222
-390
-384
-143
346
444
-319
-237
43
300
143
-50
400
304
-176
-55
481
358
-354
436
-342
-408
-290
260
-359
-399
453
-245
197
-360
-181
-404
413
349
30
-94
35
-140
-235
-435
238
-57
466
-432
-138
-466
-326
-182
242
-430
-40
-303
306
317
-149
127
-189
430
-100
161
391
445
-72
34
16
184
353
-53
-329
-431
398
-258
283
-347
105
427
-240
228
406
-448
383
17
41
-381
253
-350
-38
303
344
-171
-3
421
-376
196
405
-478
-253
412
492
-263
-419
160
208
395
-197
473
-14
-407
-68
332
-338
-36
277
-353
462
0
-291
247
-332
-64
-75
-476
139
82
-465
163
495
2
-262
-63
-177
-10
-309
-19
119
456
447
422
-152
-481
345
234
356
-153
-288
-90
480
414
-282
49
115
293
-151
-59
-328
385
486
201
-363
-196
223
-121
-155
-108
333
370
309
-285
-37
157
-415
340
244
-366
-340
241
227
-172
179
249
-5
-362
-464
262
318
-287
174
424
457
44
-473
90
212
415
-6
417
-409
407
476
-277
-4
-23
-364
-355
-101
131
382
367
255
-336
73
-124
-226
-423
330
-78
-232
220
438
390
-320
-467
251
-178
389
433
138
11
-89
-169
432
-133
-168
271
471
188
-44
-76
-56
-372
13
-174
472
-105
301
20
-302
79
-183
254
-12
-330
-442
-324
-170
-201
181
275
493
374
342
-142
-31
-468
133
-144
465
-373
384
352
-61
74
-148
45
-345
145
53
-368
169
114
123
-229
70
339
294
-469
-129
-28
-260
-119
-396
-211
289
-193
-449
-280
-369
202
28
246
470
498
-450
129
230
-385
360
-234
-495
-454
200
59
297
-475
-460
-219
140
312
397
-15
-406
295
-45
278
437
248
-292
68
-352
331
-351
351
-71
404
-198
222
273
58
-1
52
290
310
488
-294
-499
-317
-488
-136
376
-405
-130
66
-500
-425
-461
-74
194
-99
-139
-83
461
-24
97
217
371
23
224
3
291
-42
459
-202
203
477
428
-199
-391
-339
350
418
435
-255
-247
-416
62
229
320
65
-487
71
-165
269
425
176
252
-312
135
263
-104
-314
-445
-254
132
-159
-295
264
51
239
-281
328
327
258
-251
-242
-400
-428
-378
103
150
-91
489
-164
-126
-231
40
267
-210
334
96
91
-73
-452
14
458
198
-402
-167
307
455
-393
-346
171
377
6
272
348
86
-470
125
167
33
-96
-160
-433
195
-305
-137
211
95
80
-244
-46
4
36
-134
305
454
-157
355
-87
27
-361
-418
-39
-259
475
231
-236
-243
78
380
-214
-145
-2
-485
416
102
-225
-440
110
-420
478
313
-218
369
-146
-20
64
67
274
-17
-421
158
-206
61
-490
-194
46
-264
-284
410
-349
-107
221
-379
423
225
-186
166
137
84
-414
172
199
-191
-69
-455
485
-316
-389
446
-26
-374
232
-11
378
302
209
-175
-458
-297
393
426
286
-497
387
364
183
175
-120
-233
-279
-257
-86
-185
276
-80
128
288
88
335
-306
347
-9
-106
372
261
-256
337
-41
-479
-47
177
193
-179
-283
-272
285
279
-103
144
-113
468
338
399
-403
401
-52
116
-195
-477
440
284
366
-13
-293
-131
-180
-215
386
336
-398
-456
29
-268
5
37
21
-77
-173
-135
206
266
-491
-331
-322
134
-496
442
-192
388
392
281
111
-383
-298
359
-221
213
265
-307
187
-436
-388
57
-98
168
189
299
-205
-377
186
162
396
-102
-88
-16
256
-79
469
-62
1
83
-392
190
-439
77
31
429
-85
-278
237
170
467
107
-241
-446
-472
-187
219
-486
-498
164
245
-35
-227
-150
-471
154
42
235
-270
-401
464
-367
-493
-141
-190
326
408
-300
-426
85
236
-483
496
-273
-437
-212
494
89
60
165
-51
-32
-261
173
311
-248
146
8
-489
-112
92
204
-447
-434
-492
-275
15
-424
117
112
-310
-238
-311
-25
292
149
192
81
178
142
148
180
257
298
-128
147
-249
-453
-386
368
94
-54
-207
443
-318
-161
182
-48
491
-357
-417
130
-213
308
10
-92
22
233
-224
-271
141
-200
-93
205
-97
-8
-457
191
450
375
373
-480
-127
38
-267
-208
106
-117
-122
323
226
487
-395
-58
26
499
-410
100
54
12
108
-33
-296
-228
479
-111
99
-341
296
240
153
113
118
-30
-441
490
-265
-154
-209
-474
-333
-315
-375
-110
452
-67
56
-252
403
-84
-427
411
104
-370
-223
-304
420
210
76
482
-482
381
-335
101
121
441
-34
-29
152
314
-412
19
-147
69
-438
362
451
-203
-116
120
-371
-325
156
207
-43
-411
-356
361
75
-158
-217
-184
259
216
126
-82
136
325
439
-216
-494
215
-394
-413
474
-321
-132
47
-22
109
-443
-266
394
-21
315
-188
218
-114
-115
124
379
250
-301
-484
449
7
463
-459
-123
270
-422
50
280
-27
93
159
-344
-118
484
-348
18
-334
-274
-81
214
-109
-125
-444
-156
9
-276
-163
419
-382
-166
483
329
72
87
322
365
287
-313
-358
460
-327
-387
316
-380
-463
-246
-230
-343
324
155
122
-220
-299
-49
-7
-286
-239
-95
243
343
-429
-65
409
-18
-397
-204
-269
32
354
268
-323
63
341
98
-162
25
-289
402
-365
-66
363
448
-70
434
55
-308
24
282